0 0.01 0.02 0.03 0.04 0.05 0.06 0.07 0.08 0.09 
0.02 3e-06 0.010005 0.020007 0.030009 0.040011 0.050013 0.060015 0.070017 0.080019 
0.04 0.020008 1.5e-05 0.010021 0.020027 0.030033 0.040039 0.050045 0.060051 0.070057 
0.06 0.040015 0.020029 4.2e-05 0.010054 0.020066 0.030078 0.04009 0.050102 0.060114 
0.08 0.060024 0.040047 0.020069 9e-05 0.01011 0.02013 0.03015 0.04017 0.05019 
0.1 0.080035 0.060069 0.040102 0.020134 0.000165 0.010195 0.020225 0.030255 0.040285 
0.12 0.100048 0.080095 0.060141 0.040186 0.02023 0.000273 0.010315 0.020357 0.030399 
0.14 0.120063 0.100125 0.080186 0.060246 0.040305 0.020363 0.00042 0.010476 0.020532 
0.16 0.14008 0.120159 0.100237 0.080314 0.06039 0.040465 0.020539 0.000612 0.010684 
0.18 0.160099 0.140197 0.120294 0.10039 0.080485 0.060579 0.040672 0.020764 0.000855 
